eval_accuracy = 0.77303537386147
eval_loss = 0.9256985885936689
global_step = 1190
loss = 0.09009387730346884
