eval_accuracy = 0.7937936877780132
eval_loss = 0.49900729600403215
global_step = 1190
loss = 0.13483304491642267
