eval_accuracy = 0.8459012920991316
eval_loss = 0.4502907500633454
global_step = 1190
loss = 0.10061456756509778
