eval_accuracy = 0.8180470239356069
eval_loss = 0.6476325814582243
global_step = 1190
loss = 0.10474276332920339
